(0, 0) (0, 1) (0, 2) (0, 3) (1, 0) (1, 1) (1, 2) (1, 3) (2, 0) (2, 1) (2, 2) (2, 3) (3, 0) (3, 1) (3, 2) (3, 3)
1 16
 0.000 0.000 2.112 0.000 2.572 0.000 0.000 0.000 0.000 1.757 0.000 0.000 0.000 0.000 0.000 0.000
 0.000 0.000 0.000 0.000 0.000 0.000 0.000 2.318 0.000 0. 0.000 0.000 0.000 14.957 7.667 0.000
 2.112 0.000 0.000 0.000 11.605 1.009 0.000 0.000 0.000 0. 0.000 0.000 0.000 0.000 0.000 0.000
 0.000 0.000 0.000 0.000 8.646 0.000 10.044 0.000 0.000 0. 0.000 0.000 16.122 0.000 0.000 0.000
 2.572 0.000 11.605 8.646 0.000 0.000 0.000 0.000 0.000 0. 0.000 0.000 0.000 0.000 0.000 0.000
 0.000 0.000 1.009 0.000 0.000 0.000 0.000 0.000 0.000 0. 0.000 16.283 0.000 6.635 0.000 0.000
 0.000 0.000 0.000 10.044 0.000 0.000 0.000 0.000 19.298 0. 0.000 0.000 0.000 0.000 0.000 1.126
 0.000 2.318 0.000 0.000 0.000 0.000 0.000 0.000 0.000 0. 2.342 0.000 0.000 0.000 8.196 0.000
 0.000 0.000 0.000 0.000 0.000 0.000 19.298 0.000 0.000 11.352 0.000 0.000 0.000 0.000 0.000 9.907
 1.757 0.000 0.000 0.000 0.000 0.000 0.000 0.000 11.352 0. 0.000 15.648 0.000 0.000 0.000 0.000
 0.000 0.000 0.000 0.000 0.000 0.000 0.000 2.342 0.000 0. 0.000 0.000 14.377 0.000 7.813 0.000
 0.000 0.000 0.000 0.000 0.000 16.283 0.000 0.000 0.000 15.648 0.000 0.000 14.778 0.000 0.000 0.000
 0.000 0.000 0.000 16.122 0.000 0.000 0.000 0.000 0.000 0. 14.377 14.778 0.000 0.000 0.000 0.000
 0.000 14.957 0.000 0.000 0.000 6.635 0.000 0.000 0.000 0. 0.000 0.000 0.000 0.000 0.000 19.3
 0.000 7.667 0.000 0.000 0.000 0.000 0.000 8.196 0.000 0. 7.813 0.000 0.000 0.000 0.000 0.000
 0.000 0.000 0.000 0.000 0.000 0.000 1.126 0.000 9.907 0. 0.000 0.000 0.000 19.3 0.000 0.000